version https://git-lfs.github.com/spec/v1
oid sha256:6fd758d3082a432bf924a36008ed3e9ca7e21b05f5c59c6521a7f16c102415dc
size 21771393
